err(1) =          0;
err(2) =     2.3064;
err(3) =     1.2417;
err(4) =    0.92075;
err(5) =     0.6789;
err(6) =    0.64141;
err(7) =    0.50876;
err(8) =     0.4972;
err(9) =    0.37805;
err(10) =    0.37686;
err(11) =    0.30778;
err(12) =    0.30748;
err(13) =    0.22215;
err(14) =    0.18963;
err(15) =    0.17446;
err(16) =    0.13476;
err(17) =    0.13413;
err(18) =    0.11425;
err(19) =     0.1085;
err(20) =   0.095918;
err(21) =   0.088257;
err(22) =   0.079431;
err(23) =   0.076394;
err(24) =   0.067438;
err(25) =   0.065558;
err(26) =   0.059885;
err(27) =   0.056627;
err(28) =   0.053847;
err(29) =   0.048792;
err(30) =   0.048277;
err(31) =   0.034585;
err(32) =   0.034325;
err(33) =   0.024306;
err(34) =   0.021706;
err(35) =   0.014967;
err(36) =   0.014751;
err(37) =   0.010398;
err(38) =   0.010387;
err(39) =  0.0063315;
err(40) =  0.0063177;
err(41) =  0.0045519;
err(42) =  0.0042042;
err(43) =  0.0034587;
err(44) =  0.0025873;
err(45) =  0.0022966;
err(46) =  0.0015118;
err(47) =  0.0012175;
err(48) = 0.00081905;
err(49) = 0.00073238;
err(50) = 0.00060276;
err(51) = 0.00056161;
err(52) = 0.00040119;
err(53) = 0.00034346;
err(54) = 0.00025632;
err(55) = 0.00024189;
err(56) = 0.00018847;
err(57) = 0.00018804;
err(58) = 0.00015554;
err(59) = 0.00015444;
err(60) = 0.00014222;
err(61) = 0.00013525;
err(62) = 0.00013016;
err(63) = 0.00011926;
err(64) = 0.00010501;
err(65) = 0.00010047;
err(66) = 7.6609E-05;
err(67) = 7.3126E-05;
err(68) = 5.9845E-05;
err(69) = 5.4302E-05;
err(70) = 5.4109E-05;
err(71) = 4.1921E-05;
err(72) = 4.1912E-05;
err(73) = 2.2338E-05;
err(74) = 2.2308E-05;
err(75) = 1.2839E-05;
err(76) = 1.2837E-05;
err(77) =  8.437E-06;
err(78) = 7.6573E-06;
err(79) =  6.087E-06;
err(80) =  5.603E-06;
err(81) = 4.1304E-06;
err(82) = 3.9215E-06;
err(83) = 2.6273E-06;
err(84) = 2.6079E-06;
err(84) = 1.7813E-06;
