err(1) =          0;
err(2) =     1.2882;
err(3) =    0.67474;
err(4) =    0.44953;
err(5) =    0.36596;
err(6) =    0.33848;
err(7) =     0.2708;
err(8) =    0.26608;
err(9) =    0.19789;
err(10) =    0.19432;
err(11) =    0.15087;
err(12) =    0.12944;
err(13) =    0.10742;
err(14) =   0.086351;
err(15) =   0.081237;
err(16) =   0.065618;
err(17) =   0.065613;
err(18) =    0.04966;
err(19) =   0.045197;
err(20) =   0.037011;
err(21) =   0.032516;
err(22) =   0.031217;
err(23) =   0.026328;
err(24) =    0.02604;
err(25) =    0.02128;
err(26) =   0.014022;
err(27) =   0.013142;
err(28) =  0.0060041;
err(29) =   0.005369;
err(30) =  0.0028943;
err(31) =  0.0018862;
err(32) =  0.0015137;
err(33) =  0.0010396;
err(34) =  0.0010358;
err(35) = 0.00070275;
err(36) =  0.0003827;
err(37) = 0.00038262;
err(38) = 0.00017726;
err(39) = 0.00013303;
err(40) = 0.00011543;
err(41) = 8.5212E-05;
err(42) = 5.9621E-05;
err(43) =  5.961E-05;
err(44) = 2.9659E-05;
err(45) = 2.9652E-05;
err(46) = 1.0768E-05;
err(47) = 7.4153E-06;
err(48) = 2.9013E-06;
err(48) = 1.0217E-06;
