# Sparse Matrix (Morse)  
# first line: n m (is symmetic) nbcoef 
# after for each nonzero coefficient:   i j a_ij where (i,j) \in  {1,...,n}x{1,...,m} 
736 736 0  4946
        1         1 0.63749082623503972
        1         2 -0.20288877339813788
        1         3 -0.43460205283690184
        2         1 -0.20288877339813788
        2         2 1.7814736255660266
        2         3 -0.49035708475119455
        2         6 -0.20235384672056445
        2         7 -0.8858739206961298
        3         1 -0.43460205283690184
        3         2 -0.49035708475119455
        3         3 1.7927351090206223
        3         4 -0.46059882727325491
        3         7 -0.40717714415927142
        4         3 -0.46059882727325491
        4         4 1.8048508046039218
        4         5 -0.45236996898467502
        4         7 -0.55931316402728182
        4         8 -0.33256884431871014
        5         4 -0.45236996898467502
        5         5 1.7811491981509284
        5         8 -0.42276396937416016
        5         9 -0.25803309129813518
        5        12 -0.64798216849395796
        6         2 -0.20235384672056445
        6         6 1.7746012183563278
        6         7 -0.60188526272449239
        6        10 -0.1949051987062364
        6        13 -0.7754569102050346
        7         2 -0.8858739206961298
        7         3 -0.40717714415927142
        7         4 -0.55931316402728182
        7         6 -0.60188526272449239
        7         7 3.7427275116040777
        7         8 -1.1287976071311598
        7        13 -0.15968041286574186
        8         4 -0.33256884431871014
        8         5 -0.42276396937416016
        8         7 -1.1287976071311598
        8         8 3.9424998356048175
        8        12 -0.84716020363821709
        8        13 -0.091083886126561486
        8        14 -1.1201253250160093
        9         5 -0.25803309129813518
        9         9 1.7586757122504291
        9        12 -0.50417643004079893
        9        15 -0.71508649700126459
        9        16 -0.28137969391022999
       10         6 -0.1949051987062364
       10        10 1.7604235959226258
       10        11 -0.30728509243751395
       10        13 -0.80932919447057539
       10        19 -0.44890411030830007
       11        10 -0.30728509243751395
       11        11 1.7393897893036443
       11        19 -0.52546820738969435
       11        21 -0.2174530016759558
       11        22 -0.68918348780048011
       12         5 -0.64798216849395796
       12         8 -0.84716020363821709
       12         9 -0.50417643004079893
       12        12 3.6369801394843351
       12        14 -0.30643635776302858
       12        15 -0.95802721765045662
       12        27 -0.37319776189787596
       13         6 -0.7754569102050346
       13         7 -0.15968041286574186
       13         8 -0.091083886126561486
       13        10 -0.80932919447057539
       13        13 3.733270145751904
       13        14 -1.0085390017452429
       13        19 -0.34520527299035597
       13        28 -0.54397546734839142
       14         8 -1.1201253250160093
       14        12 -0.30643635776302858
       14        13 -1.0085390017452429
       14        14 3.9033325982959863
       14        27 -0.74413547892711396
       14        28 -0.7240964348445913
       15         9 -0.71508649700126459
       15        12 -0.95802721765045662
       15        15 3.6438084042708594
       15        16 -0.55399391551064348
       15        27 -0.74947764722638155
       15        29 -0.2749836430301994
       15        30 -0.39223948385191348
       16         9 -0.28137969391022999
       16        15 -0.55399391551064348
       16        16 1.756328078781221
       16        30 -0.60455860276135598
       16        31 -0.3163958665989916
       17        17 1.7252106871746551
       17        18 -0.28591756423432174
       17        32 -0.30648799766116724
       17        41 -0.45392302579112853
       17        42 -0.67888209948803757
       18        17 -0.28591756423432174
       18        18 1.7219469492920916
       18        20 -0.27610718658774108
       18        42 -0.49237609483396283
       18        43 -0.66754610363606603
       19        10 -0.44890411030830007
       19        11 -0.52546820738969435
       19        13 -0.34520527299035597
       19        19 3.6107493454560626
       19        22 -0.53680700774412782
       19        28 -0.76697770532944964
       19        44 -0.9873870416941346
       20        18 -0.27610718658774108
       20        20 1.7207796705414304
       20        26 -0.31338177119886335
       20        43 -0.51553425816600784
       20        45 -0.61575645458881834
       21        11 -0.2174530016759558
       21        21 1.7292249357592986
       21        22 -0.66382062234688943
       21        23 -0.30007392469271804
       21        46 -0.54787738704373534
       22        11 -0.68918348780048011
       22        19 -0.53680700774412782
       22        21 -0.66382062234688943
       22        22 3.5175000600248696
       22        44 -0.50878633289334685
       22        46 -0.38475846707975914
       22        47 -0.73414414216026613
       23        21 -0.30007392469271804
       23        23 1.7246516124002533
       23        24 -0.30057716415600028
       23        46 -0.61513018898029692
       23        48 -0.50887033457123809
       24        23 -0.30057716415600028
       24        24 1.7296483835985772
       24        25 -0.29867730814015719
       24        48 -0.67351492817370928
       24        49 -0.45687898312871067
       25        24 -0.29867730814015719
       25        25 1.729204877973807
       25        26 -0.30519741587541288
       25        49 -0.67287887129829493
       25        50 -0.45245128265994183
       26        20 -0.31338177119886335
       26        25 -0.30519741587541288
       26        26 1.7286370769647446
       26        45 -0.44632708319704495
       26        50 -0.66373080669342333
       27        12 -0.37319776189787596
       27        14 -0.74413547892711396
       27        15 -0.74947764722638155
       27        27 3.750202780040587
       27        28 -0.78274848275682263
       27        29 -0.93473353848789564
       27        51 -0.16590987074449795
       28        13 -0.54397546734839142
       28        14 -0.7240964348445913
       28        19 -0.76697770532944964
       28        27 -0.78274848275682263
       28        28 3.6756712392677096
       28        44 -0.57338557284149494
       28        51 -0.28448757614695996
       29        15 -0.2749836430301994
       29        27 -0.93473353848789564
       29        29 3.8386198085807157
       29        30 -0.79528171577763573
       29        51 -1.076659873273166
       29        52 -0.75696103801181902
       30        15 -0.39223948385191348
       30        16 -0.60455860276135598
       30        29 -0.79528171577763573
       30        30 3.5907795906872875
       30        31 -0.56094091565203097
       30        52 -0.3444363186515717
       30        53 -0.89332255399277927
       31        16 -0.3163958665989916
       31        30 -0.56094091565203097
       31        31 1.7397514245962145
       31        53 -0.54705581769116707
       31        54 -0.31535882465402476
       32        17 -0.30648799766116724
       32        32 1.7188209373375161
       32        33 -0.29306267949123993
       32        41 -0.63248432009761613
       32        57 -0.48678594008749299
       33        32 -0.29306267949123993
       33        33 1.7204592770868679
       33        34 -0.30908994511248716
       33        57 -0.65784820289285317
       33        58 -0.46045844959028737
       34        33 -0.30908994511248716
       34        34 1.725863719206707
       34        35 -0.32287772603274728
       34        58 -0.67320304658626462
       34        59 -0.42069300147520772
       35        34 -0.32287772603274728
       35        35 1.7300008735411367
       35        36 -0.33932253071239848
       35        59 -0.6712195283824669
       35        60 -0.39658108841352363
       36        35 -0.33932253071239848
       36        36 1.7310888932958526
       36        37 -0.35733410085858003
       36        60 -0.64939794318617916
       36        61 -0.38503431853869508
       37        36 -0.35733410085858003
       37        37 1.7293825523832604
       37        38 -0.34108219420032848
       37        61 -0.64329721321144939
       37        62 -0.38766904411290248
       38        37 -0.34108219420032848
       38        38 1.7428133902943777
       38        39 -0.36050020635286356
       38        62 -0.70877558697443321
       38        63 -0.33245540276675273
       39        38 -0.36050020635286356
       39        39 1.7566927971507118
       39        40 -0.37779617883132727
       39        63 -0.72746214349514793
       39        64 -0.29093426847137294
       40        39 -0.37779617883132727
       40        40 1.74915821072654
       40        55 -0.37163864347034509
       40        64 -0.69369866854142959
       40        65 -0.30602471988343821
       41        17 -0.45392302579112853
       41        32 -0.63248432009761613
       41        41 3.4850005378936197
       41        42 -0.61951026282439203
       41        57 -0.62787107583490309
       41        66 -0.65632631194572699
       41        67 -0.49488554139985241
       42        17 -0.67888209948803757
       42        18 -0.49237609483396283
       42        41 -0.61951026282439203
       42        42 3.4772715282717508
       42        43 -0.57241428833924091
       42        67 -0.62711001663739374
       42        68 -0.48697876614872393
       43        18 -0.66754610363606603
       43        20 -0.51553425816600784
       43        42 -0.57241428833924091
       43        43 3.4765207015237372
       43        45 -0.59312348880799193
       43        68 -0.60140415188887997
       43        69 -0.52649841068555014
       44        19 -0.9873870416941346
       44        22 -0.50878633289334685
       44        28 -0.57338557284149494
       44        44 3.6288717263097299
       44        47 -0.64684383979141136
       44        51 -0.57238440230297849
       44        70 -0.34008453678636386
       45        20 -0.61575645458881834
       45        26 -0.44632708319704495
       45        43 -0.59312348880799193
       45        45 3.4839940339677753
       45        50 -0.63103121683296259
       45        69 -0.64507256819239478
       45        71 -0.55268322234856293
       46        21 -0.54787738704373534
       46        22 -0.38475846707975914
       46        23 -0.61513018898029692
       46        46 3.5500640951251592
       46        47 -0.90789979349778105
       46        48 -0.48839231066110744
       46        72 -0.60600594786247952
       47        22 -0.73414414216026613
       47        44 -0.64684383979141136
       47        46 -0.90789979349778105
       47        47 3.7545307754250956
       47        70 -0.37809624976792106
       47        72 -0.092314500886530898
       47        73 -0.99523224932118504
       48        23 -0.50887033457123809
       48        24 -0.67351492817370928
       48        46 -0.48839231066110744
       48        48 3.5007359009086523
       48        49 -0.63057876490875209
       48        72 -0.6204534911824684
       48        74 -0.57892607141137686
       49        24 -0.45687898312871067
       49        25 -0.67287887129829493
       49        48 -0.63057876490875209
       49        49 3.5235829603218729
       49        50 -0.52214202560181666
       49        74 -0.42416114761389512
       49        75 -0.81694316777040288
       50        25 -0.45245128265994183
       50        26 -0.66373080669342333
       50        45 -0.63103121683296259
       50        49 -0.52214202560181666
       50        50 3.4992169975259673
       50        71 -0.49439656312878161
       50        75 -0.73546510260904119
       51        27 -0.16590987074449795
       51        28 -0.28448757614695996
       51        29 -1.076659873273166
       51        44 -0.57238440230297849
       51        51 3.6747979721381596
       51        52 -0.15560816398456473
       51        70 -0.74141280884272931
       51        76 -0.67833527684326278
       52        29 -0.75696103801181902
       52        30 -0.3444363186515717
       52        51 -0.15560816398456473
       52        52 3.6521365210551799
       52        53 -0.7092401192336597
       52        76 -0.89613796169713256
       52        77 -0.78975291947643211
       53        30 -0.89332255399277927
       53        31 -0.54705581769116707
       53        52 -0.7092401192336597
       53        53 3.5773562527085541
       53        54 -0.50400887081056411
       53        77 -0.2455961886781548
       53        78 -0.67813270230222877
       54        31 -0.31535882465402476
       54        53 -0.50400887081056411
       54        54 1.7366425407517596
       54        78 -0.59104670445033081
       54        79 -0.32622814083683987
       55        40 -0.37163864347034509
       55        55 1.7709625706098939
       55        56 -0.39347531378907957
       55        65 -0.75667152037092666
       55        85 -0.24917709297954235
       56        55 -0.39347531378907957
       56        56 1.7945354010526833
       56        80 -0.40604839850103341
       56        85 -0.79512165123288447
       56        86 -0.19989003752968576
       57        32 -0.48678594008749299
       57        33 -0.65784820289285317
       57        41 -0.62787107583490309
       57        57 3.4774014546487635
       57        58 -0.60130749095247227
       57        66 -0.6164065734836216
       57        87 -0.48718217139742026
       58        33 -0.46045844959028737
       58        34 -0.67320304658626462
       58        57 -0.60130749095247227
       58        58 3.4816727420873015
       58        59 -0.62834565101987994
       58        87 -0.6065959293678056
       58        88 -0.51176217457059181
       59        34 -0.42069300147520772
       59        35 -0.6712195283824669
       59        58 -0.62834565101987994
       59        59 3.5095284412429315
       59        60 -0.74443171518167239
       59        88 -0.60629372071160736
       59        89 -0.43854482447209686
       60        35 -0.39658108841352363
       60        36 -0.64939794318617916
       60        59 -0.74443171518167239
       60        60 3.5317724989391515
       60        61 -0.69053669254285754
       60        89 -0.71280017159097808
       60        90 -0.33802488802394087
       61        36 -0.38503431853869508
       61        37 -0.64329721321144939
       61        60 -0.69053669254285754
       61        61 3.5241952082286021
       61        62 -0.75667370472713913
       61        90 -0.67504027838525116
       61        91 -0.3736130008232097
       62        37 -0.38766904411290248
       62        38 -0.70877558697443321
       62        61 -0.75667370472713913
       62        62 3.5310983471041912
       62        63 -0.69338731873675941
       62        91 -0.6372900894655178
       62        92 -0.34730260308743921
       63        38 -0.33245540276675273
       63        39 -0.72746214349514793
       63        62 -0.69338731873675941
       63        63 3.5659585961458324
       63        64 -0.80505315269066569
       63        92 -0.70119994050827938
       63        93 -0.30640063794822703
       64        39 -0.29093426847137294
       64        40 -0.69369866854142959
       64        63 -0.80505315269066569
       64        64 3.5622043166867066
       64        65 -0.76461783606821832
       64        93 -0.63364751938991626
       64        94 -0.37425287152510367
       65        40 -0.30602471988343821
       65        55 -0.75667152037092666
       65        64 -0.76461783606821832
       65        65 3.5714642468213631
       65        85 -0.75228125533697721
       65        94 -0.6759818259057585
       65        95 -0.31588708925604431
       66        41 -0.65632631194572699
       66        57 -0.6164065734836216
       66        66 3.4813993110232513
       66        67 -0.56280903726288734
       66        87 -0.57149530264828552
       66        96 -0.56475421034519357
       66        97 -0.50960787533753593
       67        41 -0.49488554139985241
       67        42 -0.62711001663739374
       67        66 -0.56280903726288734
       67        67 3.5228389882935058
       67        68 -0.61388312806896805
       67        96 -0.37016663292599422
       67       100 -0.85398463199840957
       68        42 -0.48697876614872393
       68        43 -0.60140415188887997
       68        67 -0.61388312806896805
       68        68 3.5158778903088646
       68        69 -0.74422638074416758
       68       100 -0.45835171779081507
       68       101 -0.61103374566730917
       69        43 -0.52649841068555014
       69        45 -0.64507256819239478
       69        68 -0.74422638074416758
       69        69 3.4933005122430649
       69        71 -0.56639250497054539
       69       101 -0.58341995183430262
       69       102 -0.42769069581610403
       70        44 -0.34008453678636386
       70        47 -0.37809624976792106
       70        51 -0.74141280884272931
       70        70 3.6663955193627982
       70        73 -0.93129719581668724
       70        76 -0.79552835807631583
       70       103 -0.47997637007278171
       71        45 -0.55268322234856293
       71        50 -0.49439656312878161
       71        69 -0.56639250497054539
       71        71 3.528969278829047
       71        75 -0.37899030737121098
       71       102 -0.80596606548769367
       71       104 -0.73054061552225225
       72        46 -0.60600594786247952
       72        47 -0.092314500886530898
       72        48 -0.6204534911824684
       72        72 3.6591567898344546
       72        73 -0.66734360906782608
       72        74 -0.89646620226674445
       72       105 -0.77657303856840509
       73        47 -0.99523224932118504
       73        70 -0.93129719581668724
       73        72 -0.66734360906782608
       73        73 3.7578602562717935
       73       103 -0.68282384765628201
       73       105 -0.48116335440981284
       74        48 -0.57892607141137686
       74        49 -0.42416114761389512
       74        72 -0.89646620226674445
       74        74 3.5586496219884718
       74        75 -0.48512985674822962
       74       105 -0.58787528513560416
       74       106 -0.58609105881262102
       75        49 -0.81694316777040288
       75        50 -0.73546510260904119
       75        71 -0.37899030737121098
       75        74 -0.48512985674822962
       75        75 3.5453605707594278
       75       104 -0.6241102789042311
       75       106 -0.50472185735631181
       76        51 -0.67833527684326278
       76        52 -0.89613796169713256
       76        70 -0.79552835807631583
       76        76 3.6671751573077445
       76        77 -0.17072661209604031
       76       103 -0.18769789482380383
       76       107 -0.73104467812254326
       76       108 -0.2077043756486453
       77        52 -0.78975291947643211
       77        53 -0.2455961886781548
       77        76 -0.17072661209604031
       77        77 3.7588308487528495
       77        78 -0.65601741706528283
       77       107 -0.95777012521503868
       77       109 -0.93896758622190069
       78        53 -0.67813270230222877
       78        54 -0.59104670445033081
       78        77 -0.65601741706528283
       78        78 3.5068289279921991
       78        79 -0.52364546129390488
       78       109 -0.39945192156324322
       78       110 -0.65853472131720947
       79        54 -0.32622814083683987
       79        78 -0.52364546129390488
       79        79 1.7368858706246635
       79       110 -0.55127239711425047
       79       111 -0.33573987137966843
       80        56 -0.40604839850103341
       80        80 1.8093525233537737
       80        83 -0.42465487866654134
       80        86 -0.807094457587058
       80       112 -0.17155478859914114
       81        81 1.8901082433402432
       81        82 -0.45967519623604886
       81        98 -0.47814924149887955
       81       113 -0.051535698357079482
       81       114 -0.90074810724823529
       82        81 -0.45967519623604886
       82        82 1.8643145283041616
       82        84 -0.44080832806893194
       82       114 -0.084707669640328179
       82       115 -0.87912333435885304
       83        80 -0.42465487866654134
       83        83 1.8100479101432965
       83        84 -0.42186245232173719
       83       112 -0.79575060276571752
       83       116 -0.16777997638930062
       84        82 -0.44080832806893194
       84        83 -0.42186245232173719
       84        84 1.8422845691615954
       84       115 -0.11615258215111531
       84       116 -0.86346120661981129
       85        55 -0.24917709297954235
       85        56 -0.79512165123288447
       85        65 -0.75228125533697721
       85        85 3.6129674516378616
       85        86 -0.85562904303566434
       85        95 -0.66538468898803127
       85       117 -0.29537372006476204
       86        56 -0.19989003752968576
       86        80 -0.807094457587058
       86        85 -0.85562904303566434
       86        86 3.6960467265049712
       86       112 -0.89952357470331701
       86       117 -0.75063652071785603
       86       118 -0.18327309293138963
       87        57 -0.48718217139742026
       87        58 -0.6065959293678056
       87        66 -0.57149530264828552
       87        87 3.5052478252608426
       87        88 -0.75959903609157897
       87        97 -0.673845490925986
       87       119 -0.4065298948297662
       88        58 -0.51176217457059181
       88        59 -0.60629372071160736
       88        87 -0.75959903609157897
       88        88 3.5284780147768555
       88        89 -0.49429644724582245
       88       119 -0.7914645651861566
       88       120 -0.36506207097109822
       89        59 -0.43854482447209686
       89        60 -0.71280017159097808
       89        88 -0.49429644724582245
       89        89 3.5508838186095084
       89        90 -0.82294347416961888
       89       120 -0.70461905819281356
       89       121 -0.3776798429381778
       90        60 -0.33802488802394087
       90        61 -0.67504027838525116
       90        89 -0.82294347416961888
       90        90 3.5263748718078318
       90        91 -0.5800743082000841
       90       121 -0.5157534456002677
       90       122 -0.59453847742866928
       91        61 -0.3736130008232097
       91        62 -0.6372900894655178
       91        90 -0.5800743082000841
       91        91 3.5097495008228798
       91        92 -0.75293832356761792
       91       122 -0.6607592716405023
       91       123 -0.50507450712594737
       92        62 -0.34730260308743921
       92        63 -0.70119994050827938
       92        91 -0.75293832356761792
       92        92 3.5664493151990113
       92        93 -0.84210692898223383
       92       123 -0.5990032295711929
       92       124 -0.3238982894822483
       93        63 -0.30640063794822703
       93        64 -0.63364751938991626
       93        92 -0.84210692898223383
       93        93 3.5473295175832567
       93        94 -0.74312519494631246
       93       124 -0.57179412969962828
       93       125 -0.45025510661693802
       94        64 -0.37425287152510367
       94        65 -0.6759818259057585
       94        93 -0.74312519494631246
       94        94 3.5669384176968446
       94        95 -0.86182348705454981
       94       125 -0.6175454537862346
       94       126 -0.29420958447888557
       95        65 -0.31588708925604431
       95        85 -0.66538468898803127
       95        94 -0.86182348705454981
       95        95 3.5782912262552276
       95       117 -0.73012495644012532
       95       126 -0.6941828296005681
       95       127 -0.31088817491590959
       96        66 -0.56475421034519357
       96        67 -0.37016663292599422
       96        96 3.5352785809289764
       96        97 -0.67803512570052837
       96       100 -0.50686249264713523
       96       128 -0.62042901437760167
       96       129 -0.79503110493252394
       97        66 -0.50960787533753593
       97        87 -0.673845490925986
       97        96 -0.67803512570052837
       97        97 3.4882111405662952
       97       119 -0.5508647671326028
       97       129 -0.55622234798228187
       97       130 -0.51963553348736058
       98        81 -0.47814924149887955
       98        98 1.9193148147809111
       98        99 -0.49589659360346738
       98       113 -0.92795481525622581
       98       131 -0.017314164422338296
       99        98 -0.49589659360346738
       99        99 1.9347627149857325
       99       131 -0.94296949980023514
       99       132 -0.49589662158202968
      100        67 -0.85398463199840957
      100        68 -0.45835171779081507
      100        96 -0.50686249264713523
      100       100 3.6012523342097076
      100       101 -0.36023048935240998
      100       128 -0.79157222262832772
      100       134 -0.63025077979261013
      101        68 -0.61103374566730917
      101        69 -0.58341995183430262
      101       100 -0.36023048935240998
      101       101 3.5884379411294125
      101       102 -0.83531218447261002
      101       134 -0.37516421057361737
      101       135 -0.82327735922916356
      102        69 -0.42769069581610403
      102        71 -0.80596606548769367
      102       101 -0.83531218447261002
      102       102 3.5613835196835204
      102       104 -0.40009296574917941
      102       135 -0.44460431187272986
      102       136 -0.64771729628520358
      103        70 -0.47997637007278171
      103        73 -0.68282384765628201
      103        76 -0.18769789482380383
      103       103 3.6432909209500659
      103       105 -0.39917029580854768
      103       108 -0.90068558753370265
      103       133 -0.76269147746017341
      103       137 -0.23024544759477464
      104        71 -0.73054061552225225
      104        75 -0.6241102789042311
      104       102 -0.40009296574917941
      104       104 3.520794183818321
      104       106 -0.64903776604806707
      104       136 -0.60688054658418966
      104       138 -0.51013201101040151
      105        72 -0.77657303856840509
      105        73 -0.48116335440981284
      105        74 -0.58787528513560416
      105       103 -0.39917029580854768
      105       105 3.5058908334776753
      105       106 -0.29851176953121922
      105       137 -0.40909195178320995
      105       139 -0.55350513824087599
      106        74 -0.58609105881262102
      106        75 -0.50472185735631181
      106       104 -0.64903776604806707
      106       105 -0.29851176953121922
      106       106 3.6546314055047842
      106       138 -0.99367992592150856
      106       139 -0.62258902783505699
      107        76 -0.73104467812254326
      107        77 -0.95777012521503868
      107       107 3.9332722092464172
      107       108 -1.2352950964101097
      107       109 -0.5865318646324803
      107       140 -0.4226304448662449
      108        76 -0.2077043756486453
      108       103 -0.90068558753370265
      108       107 -1.2352950964101097
      108       108 3.8853859433865838
      108       133 -0.60335918365921659
      108       140 -0.71224709652112628
      108       141 -0.2260946036137832
      109        77 -0.93896758622190069
      109        78 -0.39945192156324322
      109       107 -0.5865318646324803
      109       109 3.6438006172140804
      109       110 -0.39233593788724963
      109       140 -0.48972946906895365
      109       142 -0.83678383784025345
      110        78 -0.65853472131720947
      110        79 -0.55127239711425047
      110       109 -0.39233593788724963
      110       110 3.5336951014069871
      110       111 -0.46152015643431687
      110       142 -0.86470844747848707
      110       143 -0.60532344117547332
      111        79 -0.33573987137966843
      111       110 -0.46152015643431687
      111       111 1.7462702826344145
      111       143 -0.68025912407531808
      111       144 -0.26875113074511103
      112        80 -0.17155478859914114
      112        83 -0.79575060276571752
      112        86 -0.89952357470331701
      112       112 3.6914527341614951
      112       116 -0.86921417946473745
      112       118 -0.72953230449584383
      112       145 -0.22587728413273839
      113        81 -0.051535698357079482
      113        98 -0.92795481525622581
      113       113 3.9408108383429807
      113       114 -1.0090662883166486
      113       131 -1.0467435977772861
      113       146 -0.018565677169653363
      113       147 -0.88694476146608703
      114        81 -0.90074810724823529
      114        82 -0.084707669640328179
      114       113 -1.0090662883166486
      114       114 3.8772223667019228
      114       115 -0.97012383665506241
      114       147 -0.055143686751142049
      114       148 -0.85743277809050633
      115        82 -0.87912333435885304
      115        84 -0.11615258215111531
      115       114 -0.97012383665506241
      115       115 3.8202157880916436
      115       116 -0.93061951920256081
      115       148 -0.090574380881738636
      115       149 -0.83362213484231296
      116        83 -0.16777997638930062
      116        84 -0.86346120661981129
      116       112 -0.86921417946473745
      116       115 -0.93061951920256081
      116       116 3.7558264047859624
      116       145 -0.80064404573538894
      116       149 -0.12410747737416368
      117        85 -0.29537372006476204
      117        86 -0.75063652071785603
      117        95 -0.73012495644012532
      117       117 3.6480955168677704
      117       118 -0.94513331029544179
      117       127 -0.73177909554482201
      117       150 -0.19504791380476322
      118        86 -0.18327309293138963
      118       112 -0.72953230449584383
      118       117 -0.94513331029544179
      118       118 3.66698778165647
      118       145 -0.86516575113543714
      118       150 -0.6553940429024443
      118       151 -0.28848927989591266
      119        87 -0.4065298948297662
      119        88 -0.7914645651861566
      119        97 -0.5508647671326028
      119       119 3.5184016860103413
      119       120 -0.63488336582802907
      119       130 -0.57532157188265542
      119       152 -0.55933752115113144
      120        88 -0.36506207097109822
      120        89 -0.70461905819281356
      120       119 -0.63488336582802907
      120       120 3.5572960625469774
      120       121 -0.87267735999093288
      120       152 -0.4340094282044174
      120       153 -0.54604477935968665
      121        89 -0.3776798429381778
      121        90 -0.5157534456002677
      121       120 -0.87267735999093288
      121       121 3.5346102687977119
      121       122 -0.65052120770176347
      121       153 -0.45412672886003763
      121       154 -0.66385168370653225
      122        90 -0.59453847742866928
      122        91 -0.6607592716405023
      122       121 -0.65052120770176347
      122       122 3.4862541733577261
      122       123 -0.57442044691815819
      122       154 -0.57995346193032005
      122       155 -0.42606130773831291
      123        91 -0.50507450712594737
      123        92 -0.5990032295711929
      123       122 -0.57442044691815819
      123       123 3.5418046565363417
      123       124 -0.90223317554413418
      123       155 -0.6205039233705324
      123       156 -0.34056937400637644
      124        92 -0.3238982894822483
      124        93 -0.57179412969962828
      124       123 -0.90223317554413418
      124       124 3.554027999654124
      124       125 -0.73904201735560027
      124       156 -0.48202095169695391
      124       157 -0.53503943587555902
      125        93 -0.45025510661693802
      125        94 -0.6175454537862346
      125       124 -0.73904201735560027
      125       125 3.5960885892031627
      125       126 -0.93586535635738233
      125       157 -0.61860963847320638
      125       159 -0.23477101661380123
      126        94 -0.29420958447888557
      126        95 -0.6941828296005681
      126       125 -0.93586535635738233
      126       126 3.6612154928770329
      126       127 -0.70183615356331641
      126       158 -0.18699870243479566
      126       159 -0.84812286644208434
      127        95 -0.31088817491590959
      127       117 -0.73177909554482201
      127       126 -0.70183615356331641
      127       127 3.6497954474400585
      127       150 -1.0014538124725494
      127       158 -0.69702068032078202
      127       160 -0.20681753062267949
      128        96 -0.62042901437760167
      128       100 -0.79157222262832772
      128       128 3.5153686141741218
      128       129 -0.4126533332449871
      128       134 -0.62787111449900368
      128       161 -0.56641506117998808
      128       162 -0.49642786824421331
      129        96 -0.79503110493252394
      129        97 -0.55622234798228187
      129       128 -0.4126533332449871
      129       129 3.544697373115854
      129       130 -0.56650353467363568
      129       161 -0.50168844184962325
      129       163 -0.71259861043280204
      130        97 -0.51963553348736058
      130       119 -0.57532157188265542
      130       129 -0.56650353467363568
      130       130 3.6004582422928846
      130       152 -0.93852808266815368
      130       163 -0.47990798846783544
      130       164 -0.52056153111324366
      131        98 -0.017314164422338296
      131        99 -0.94296949980023514
      131       113 -1.0467435977772861
      131       131 3.9742283537450422
      131       132 -0.017314096369606208
      131       146 -0.90314336676942042
      131       165 -1.0467436286061562
      132        99 -0.49589662158202968
      132       131 -0.017314096369606208
      132       132 1.9193148786831322
      132       165 -0.9279548705340519
      132       167 -0.47814929019744429
      133       103 -0.76269147746017341
      133       108 -0.60335918365921659
      133       133 3.7946572420899223
      133       137 -1.1604595581443733
      133       141 -0.70794366542096987
      133       168 -0.56020335740518845
      134       100 -0.63025077979261013
      134       101 -0.37516421057361737
      134       128 -0.62787111449900368
      134       134 3.7169193744122007
      134       135 -0.68584548075969565
      134       162 -1.1311548764702468
      134       169 -0.26663291231702668
      135       101 -0.82327735922916356
      135       102 -0.44460431187272986
      135       134 -0.68584548075969565
      135       135 3.590638280836548
      135       136 -0.53323630837854097
      135       169 -0.82820050603534234
      135       171 -0.27547431456107641
      136       102 -0.64771729628520358
      136       104 -0.60688054658418966
      136       135 -0.53323630837854097
      136       136 3.4918976684527996
      136       138 -0.47818937766070124
      136       171 -0.69212177906473449
      136       172 -0.53375236047942942
      137       103 -0.23024544759477464
      137       105 -0.40909195178320995
      137       133 -1.1604595581443733
      137       137 3.9839987910720307
      137       139 -1.19216899398001
      137       168 -0.083317062324088975
      137       170 -0.8596574061980935
      137       173 -0.049058371047479912
      138       104 -0.51013201101040151
      138       106 -0.99367992592150856
      138       136 -0.47818937766070124
      138       138 3.6333856119348185
      138       139 -0.75466401146283835
      138       172 -0.67589510183674706
      138       173 -0.2208251840426213
      139       105 -0.55350513824087599
      139       106 -0.62258902783505699
      139       137 -1.19216899398001
      139       138 -0.75466401146283835
      139       139 3.8266118415568617
      139       173 -0.70368467003808077
      140       107 -0.4226304448662449
      140       108 -0.71224709652112628
      140       109 -0.48972946906895365
      140       140 3.6277705831748612
      140       141 -1.065677621527533
      140       142 -0.38149118892033818
      140       174 -0.55599476227066535
      141       108 -0.2260946036137832
      141       133 -0.70794366542096987
      141       140 -1.065677621527533
      141       141 3.7463363361603577
      141       168 -0.83108964964553245
      141       174 -0.17288190800783196
      141       175 -0.74264888794470696
      142       109 -0.83678383784025345
      142       110 -0.86470844747848707
      142       140 -0.38149118892033818
      142       142 3.5970572021225702
      142       143 -0.48345411768683499
      142       174 -0.40859192182315102
      142       176 -0.62202768837350519
      143       110 -0.60532344117547332
      143       111 -0.68025912407531808
      143       142 -0.48345411768683499
      143       143 3.4915537662470584
      143       144 -0.61342029759297712
      143       176 -0.65711954052677424
      143       177 -0.45197724518968074
      144       111 -0.26875113074511103
      144       143 -0.61342029759297712
      144       144 1.7372315703746912
      144       177 -0.55634764095898459
      144       178 -0.29871250107761832
      145       112 -0.22587728413273839
      145       116 -0.80064404573538894
      145       118 -0.86516575113543714
      145       145 3.7249284085266874
      145       149 -0.97760175902099877
      145       151 -0.72358330211213939
      145       179 -0.13205626638998527
      146       113 -0.018565677169653363
      146       131 -0.90314336676942042
      146       146 3.990192262320762
      146       147 -1.1018482048340132
      146       165 -0.018565710988141838
      146       166 -1.1018481697605824
      146       180 -0.84622113279895017
      147       113 -0.88694476146608703
      147       114 -0.055143686751142049
      147       146 -1.1018482048340132
      147       147 3.9543766956448101
      147       148 -1.0615857073626176
      147       180 -0.01981631084323069
      147       181 -0.82903802438771956
      148       114 -0.85743277809050633
      148       115 -0.090574380881738636
      148       147 -1.0615857073626176
      148       148 3.8860018050103093
      148       149 -1.0199070389261942
      148       181 -0.058742144195571347
      148       182 -0.79775975555368117
      149       115 -0.83362213484231296
      149       116 -0.12410747737416368
      149       145 -0.97760175902099877
      149       148 -1.0199070389261942
      149       149 3.8242756546708701
      149       179 -0.77260780868207524
      149       182 -0.096429435825124948
      150       117 -0.19504791380476322
      150       118 -0.6553940429024443
      150       127 -1.0014538124725494
      150       150 3.6584257201002264
      150       151 -0.86563805278188721
      150       160 -0.58321509145223838
      150       183 -0.35767680668634433
      151       118 -0.28848927989591266
      151       145 -0.72358330211213939
      151       150 -0.86563805278188721
      151       151 3.7082492510473637
      151       179 -1.0338546434888674
      151       183 -0.65663862792881589
      151       184 -0.14004534483974146
      152       119 -0.55933752115113144
      152       120 -0.4340094282044174
      152       130 -0.93852808266815368
      152       152 3.5892200842071835
      152       153 -0.59888195041600267
      152       164 -0.75042663635618367
      152       186 -0.30803646541129492
      153       120 -0.54604477935968665
      153       121 -0.45412672886003763
      153       152 -0.59888195041600267
      153       153 3.5145802707503684
