err(1) =          0;
err(2) =    0.74864;
err(3) =    0.39177;
err(4) =    0.26122;
err(5) =    0.21225;
err(6) =    0.19648;
err(7) =    0.15716;
err(8) =    0.15442;
err(9) =    0.11461;
err(10) =     0.1126;
err(11) =   0.087395;
err(12) =   0.075165;
err(13) =   0.062233;
err(14) =   0.050056;
err(15) =   0.047086;
err(16) =   0.037994;
err(17) =    0.03799;
err(18) =   0.028766;
err(19) =   0.026231;
err(20) =    0.02145;
err(21) =   0.018851;
err(22) =   0.018077;
err(23) =   0.015245;
err(24) =   0.015088;
err(25) =   0.012328;
err(26) =   0.008178;
err(27) =  0.0076332;
err(28) =  0.0034962;
err(29) =  0.0031612;
err(30) =  0.0016825;
err(31) =  0.0011101;
err(32) = 0.00087705;
err(33) = 0.00059598;
err(34) = 0.00059591;
err(35) = 0.00036883;
err(36) = 0.00020193;
err(37) = 0.00018462;
err(38) = 7.6793E-05;
err(39) = 6.8844E-05;
err(40) = 3.3664E-05;
err(41) = 1.7543E-05;
err(42) = 1.3873E-05;
err(43) = 5.0882E-06;
err(44) = 4.8508E-06;
err(45) =  1.683E-06;
err(45) = 5.9555E-07;
