err(1) =          0;
err(2) =     1.6688;
err(3) =    0.87562;
err(4) =    0.58704;
err(5) =    0.47362;
err(6) =    0.43829;
err(7) =    0.35157;
err(8) =    0.34549;
err(9) =    0.25691;
err(10) =    0.25324;
err(11) =    0.19652;
err(12) =     0.1718;
err(13) =    0.13996;
err(14) =      0.113;
err(15) =    0.10612;
err(16) =   0.085193;
err(17) =   0.085162;
err(18) =   0.065077;
err(19) =     0.0598;
err(20) =   0.051795;
err(21) =    0.04293;
err(22) =   0.042022;
err(23) =   0.036019;
err(24) =   0.034594;
err(25) =   0.031649;
err(26) =   0.025109;
err(27) =   0.024452;
err(28) =   0.020193;
err(29) =   0.017634;
err(30) =   0.010992;
err(31) =  0.0094912;
err(32) =  0.0056812;
err(33) =  0.0048219;
err(34) =  0.0024952;
err(35) =  0.0024504;
err(36) =  0.0016594;
err(37) =  0.0014733;
err(38) =  0.0012178;
err(39) = 0.00072161;
err(40) = 0.00071488;
err(41) =  0.0003707;
err(42) =  0.0003676;
err(43) =  0.0002073;
err(44) = 0.00017615;
err(45) = 8.4147E-05;
err(46) = 7.2438E-05;
err(47) = 5.2226E-05;
err(48) =  5.124E-05;
err(49) = 2.7988E-05;
err(50) = 2.2484E-05;
err(51) = 1.0382E-05;
err(52) =  7.014E-06;
err(53) = 3.0968E-06;
err(54) = 1.9477E-06;
err(54) = 1.6189E-06;
